        2209
   18   29    9    9 2019  0.221
   18   44    9    9 2019  0.237
   18   59    9    9 2019  0.253
   19   14    9    9 2019  0.269
   19   29    9    9 2019  0.285
   19   44    9    9 2019  0.301
   19   59    9    9 2019  0.317
   20   14    9    9 2019  0.333
   20   29    9    9 2019  0.349
   20   44    9    9 2019  0.366
   20   59    9    9 2019  0.382
   21   14    9    9 2019  0.398
   21   29    9    9 2019  0.414
   21   44    9    9 2019  0.431
   21   59    9    9 2019  0.447
   22   14    9    9 2019  0.463
   22   29    9    9 2019  0.480
   22   44    9    9 2019  0.496
   22   59    9    9 2019  0.513
   23   14    9    9 2019  0.529
   23   29    9    9 2019  0.546
   23   44    9    9 2019  0.562
   23   59    9    9 2019  0.579
    0   14   10    9 2019  0.595
    0   29   10    9 2019  0.612
    0   44   10    9 2019  0.629
    0   59   10    9 2019  0.645
    1   14   10    9 2019  0.662
    1   29   10    9 2019  0.679
    1   44   10    9 2019  0.695
    1   59   10    9 2019  0.712
    2   14   10    9 2019  0.729
    2   29   10    9 2019  0.746
    2   44   10    9 2019  0.763
    2   59   10    9 2019  0.780
    3   14   10    9 2019  0.796
    3   29   10    9 2019  0.813
    3   44   10    9 2019  0.830
    3   59   10    9 2019  0.847
    4   14   10    9 2019  0.864
    4   29   10    9 2019  0.881
    4   44   10    9 2019  0.898
    4   59   10    9 2019  0.915
    5   14   10    9 2019  0.932
    5   29   10    9 2019  0.950
    5   44   10    9 2019  0.967
    5   59   10    9 2019  0.984
    6   14   10    9 2019  1.001
    6   29   10    9 2019  1.018
    6   44   10    9 2019  1.035
    6   59   10    9 2019  1.053
    7   14   10    9 2019  1.070
    7   29   10    9 2019  1.087
    7   44   10    9 2019  1.104
    7   59   10    9 2019  1.122
    8   14   10    9 2019  1.139
    8   29   10    9 2019  1.156
    8   44   10    9 2019  1.174
    8   59   10    9 2019  1.191
    9   14   10    9 2019  1.208
    9   29   10    9 2019  1.226
    9   44   10    9 2019  1.243
    9   59   10    9 2019  1.261
   10   14   10    9 2019  1.278
   10   29   10    9 2019  1.295
   10   44   10    9 2019  1.313
   10   59   10    9 2019  1.330
   11   14   10    9 2019  1.348
   11   29   10    9 2019  1.365
   11   44   10    9 2019  1.383
   11   59   10    9 2019  1.400
   12   14   10    9 2019  1.418
   12   29   10    9 2019  1.435
   12   44   10    9 2019  1.453
   12   59   10    9 2019  1.471
   13   14   10    9 2019  1.488
   13   29   10    9 2019  1.506
   13   44   10    9 2019  1.523
   13   59   10    9 2019  1.541
   14   14   10    9 2019  1.559
   14   29   10    9 2019  1.576
   14   44   10    9 2019  1.594
   14   59   10    9 2019  1.612
   15   14   10    9 2019  1.629
   15   29   10    9 2019  1.647
   15   44   10    9 2019  1.665
   15   59   10    9 2019  1.682
   16   14   10    9 2019  1.700
   16   29   10    9 2019  1.718
   16   44   10    9 2019  1.735
   16   59   10    9 2019  1.753
   17   14   10    9 2019  1.771
   17   29   10    9 2019  1.788
   17   44   10    9 2019  1.806
   17   59   10    9 2019  1.824
   18   14   10    9 2019  1.841
   18   29   10    9 2019  1.859
   18   44   10    9 2019  1.877
   18   59   10    9 2019  1.895
   19   14   10    9 2019  1.912
   19   29   10    9 2019  1.930
   19   44   10    9 2019  1.948
   19   59   10    9 2019  1.966
   20   14   10    9 2019  1.983
   20   29   10    9 2019  2.001
   20   44   10    9 2019  2.019
   20   59   10    9 2019  2.036
   21   14   10    9 2019  2.054
   21   29   10    9 2019  2.072
   21   44   10    9 2019  2.090
   21   59   10    9 2019  2.107
   22   14   10    9 2019  2.125
   22   29   10    9 2019  2.143
   22   44   10    9 2019  2.161
   22   59   10    9 2019  2.178
   23   14   10    9 2019  2.196
   23   29   10    9 2019  2.214
   23   44   10    9 2019  2.231
   23   59   10    9 2019  2.249
    0   14   11    9 2019  2.267
    0   29   11    9 2019  2.284
    0   44   11    9 2019  2.302
    0   59   11    9 2019  2.320
    1   14   11    9 2019  2.337
    1   29   11    9 2019  2.355
    1   44   11    9 2019  2.373
    1   59   11    9 2019  2.390
    2   14   11    9 2019  2.408
    2   29   11    9 2019  2.426
    2   44   11    9 2019  2.443
    2   59   11    9 2019  2.461
    3   14   11    9 2019  2.479
    3   29   11    9 2019  2.496
    3   44   11    9 2019  2.514
    3   59   11    9 2019  2.531
    4   14   11    9 2019  2.549
    4   29   11    9 2019  2.566
    4   44   11    9 2019  2.584
    4   59   11    9 2019  2.602
    5   14   11    9 2019  2.619
    5   29   11    9 2019  2.637
    5   44   11    9 2019  2.654
    5   59   11    9 2019  2.672
    6   14   11    9 2019  2.689
    6   29   11    9 2019  2.706
    6   44   11    9 2019  2.724
    6   59   11    9 2019  2.741
    7   14   11    9 2019  2.759
    7   29   11    9 2019  2.776
    7   44   11    9 2019  2.794
    7   59   11    9 2019  2.811
    8   14   11    9 2019  2.828
    8   29   11    9 2019  2.846
    8   44   11    9 2019  2.863
    8   59   11    9 2019  2.880
    9   14   11    9 2019  2.898
    9   29   11    9 2019  2.915
    9   44   11    9 2019  2.932
    9   59   11    9 2019  2.949
   10   14   11    9 2019  2.966
   10   29   11    9 2019  2.984
   10   44   11    9 2019  3.001
   10   59   11    9 2019  3.018
   11   14   11    9 2019  3.035
   11   29   11    9 2019  3.052
   11   44   11    9 2019  3.069
   11   59   11    9 2019  3.086
   12   14   11    9 2019  3.103
   12   29   11    9 2019  3.120
   12   44   11    9 2019  3.137
   12   59   11    9 2019  3.154
   13   14   11    9 2019  3.171
   13   29   11    9 2019  3.188
   13   44   11    9 2019  3.205
   13   59   11    9 2019  3.222
   14   14   11    9 2019  3.239
   14   29   11    9 2019  3.256
   14   44   11    9 2019  3.273
   14   59   11    9 2019  3.289
   15   14   11    9 2019  3.306
   15   29   11    9 2019  3.323
   15   44   11    9 2019  3.340
   15   59   11    9 2019  3.356
   16   14   11    9 2019  3.373
   16   29   11    9 2019  3.390
   16   44   11    9 2019  3.406
   16   59   11    9 2019  3.423
   17   14   11    9 2019  3.439
   17   29   11    9 2019  3.456
   17   44   11    9 2019  3.472
   17   59   11    9 2019  3.489
   18   14   11    9 2019  3.505
   18   29   11    9 2019  3.522
   18   44   11    9 2019  3.538
   18   59   11    9 2019  3.554
   19   14   11    9 2019  3.571
   19   29   11    9 2019  3.587
   19   44   11    9 2019  3.603
   19   59   11    9 2019  3.620
   20   14   11    9 2019  3.636
   20   29   11    9 2019  3.652
   20   44   11    9 2019  3.668
   20   59   11    9 2019  3.684
   21   14   11    9 2019  3.700
   21   29   11    9 2019  3.716
   21   44   11    9 2019  3.732
   21   59   11    9 2019  3.748
   22   14   11    9 2019  3.764
   22   29   11    9 2019  3.780
   22   44   11    9 2019  3.796
   22   59   11    9 2019  3.812
   23   14   11    9 2019  3.827
   23   29   11    9 2019  3.843
   23   44   11    9 2019  3.859
   23   59   11    9 2019  3.875
    0   14   12    9 2019  3.890
    0   29   12    9 2019  3.906
    0   44   12    9 2019  3.921
    0   59   12    9 2019  3.937
    1   14   12    9 2019  3.952
    1   29   12    9 2019  3.968
    1   44   12    9 2019  3.983
    1   59   12    9 2019  3.999
    2   14   12    9 2019  4.014
    2   29   12    9 2019  4.029
    2   44   12    9 2019  4.045
    2   59   12    9 2019  4.060
    3   14   12    9 2019  4.075
    3   29   12    9 2019  4.090
    3   44   12    9 2019  4.105
    3   59   12    9 2019  4.120
    4   14   12    9 2019  4.135
    4   29   12    9 2019  4.150
    4   44   12    9 2019  4.165
    4   59   12    9 2019  4.180
    5   14   12    9 2019  4.195
    5   29   12    9 2019  4.210
    5   44   12    9 2019  4.224
    5   59   12    9 2019  4.239
    6   14   12    9 2019  4.254
    6   29   12    9 2019  4.268
    6   44   12    9 2019  4.283
    6   59   12    9 2019  4.297
    7   14   12    9 2019  4.312
    7   29   12    9 2019  4.326
    7   44   12    9 2019  4.341
    7   59   12    9 2019  4.355
    8   14   12    9 2019  4.369
    8   29   12    9 2019  4.384
    8   44   12    9 2019  4.398
    8   59   12    9 2019  4.412
    9   14   12    9 2019  4.426
    9   29   12    9 2019  4.440
    9   44   12    9 2019  4.454
    9   59   12    9 2019  4.468
   10   14   12    9 2019  4.482
   10   29   12    9 2019  4.496
   10   44   12    9 2019  4.510
   10   59   12    9 2019  4.524
   11   14   12    9 2019  4.537
   11   29   12    9 2019  4.551
   11   44   12    9 2019  4.565
   11   59   12    9 2019  4.578
   12   14   12    9 2019  4.592
   12   29   12    9 2019  4.605
   12   44   12    9 2019  4.619
   12   59   12    9 2019  4.632
   13   14   12    9 2019  4.645
   13   29   12    9 2019  4.658
   13   44   12    9 2019  4.672
   13   59   12    9 2019  4.685
   14   14   12    9 2019  4.698
   14   29   12    9 2019  4.711
   14   44   12    9 2019  4.724
   14   59   12    9 2019  4.737
   15   14   12    9 2019  4.750
   15   29   12    9 2019  4.763
   15   44   12    9 2019  4.775
   15   59   12    9 2019  4.788
   16   14   12    9 2019  4.801
   16   29   12    9 2019  4.813
   16   44   12    9 2019  4.826
   16   59   12    9 2019  4.839
   17   14   12    9 2019  4.851
   17   29   12    9 2019  4.863
   17   44   12    9 2019  4.876
   17   59   12    9 2019  4.888
   18   14   12    9 2019  4.900
   18   29   12    9 2019  4.912
   18   44   12    9 2019  4.925
   18   59   12    9 2019  4.937
   19   14   12    9 2019  4.949
   19   29   12    9 2019  4.961
   19   44   12    9 2019  4.972
   19   59   12    9 2019  4.984
   20   14   12    9 2019  4.996
   20   29   12    9 2019  5.008
   20   44   12    9 2019  5.019
   20   59   12    9 2019  5.031
   21   14   12    9 2019  5.042
   21   29   12    9 2019  5.054
   21   44   12    9 2019  5.065
   21   59   12    9 2019  5.077
   22   14   12    9 2019  5.088
   22   29   12    9 2019  5.099
   22   44   12    9 2019  5.110
   22   59   12    9 2019  5.121
   23   14   12    9 2019  5.132
   23   29   12    9 2019  5.143
   23   44   12    9 2019  5.154
   23   59   12    9 2019  5.165
    0   14   13    9 2019  5.176
    0   29   13    9 2019  5.187
    0   44   13    9 2019  5.197
    0   59   13    9 2019  5.208
    1   14   13    9 2019  5.219
    1   29   13    9 2019  5.229
    1   44   13    9 2019  5.239
    1   59   13    9 2019  5.250
    2   14   13    9 2019  5.260
    2   29   13    9 2019  5.270
    2   44   13    9 2019  5.281
    2   59   13    9 2019  5.291
    3   14   13    9 2019  5.301
    3   29   13    9 2019  5.311
    3   44   13    9 2019  5.321
    3   59   13    9 2019  5.330
    4   14   13    9 2019  5.340
    4   29   13    9 2019  5.350
    4   44   13    9 2019  5.359
    4   59   13    9 2019  5.369
    5   14   13    9 2019  5.379
    5   29   13    9 2019  5.388
    5   44   13    9 2019  5.397
    5   59   13    9 2019  5.407
    6   14   13    9 2019  5.416
    6   29   13    9 2019  5.425
    6   44   13    9 2019  5.434
    6   59   13    9 2019  5.443
    7   14   13    9 2019  5.452
    7   29   13    9 2019  5.461
    7   44   13    9 2019  5.470
    7   59   13    9 2019  5.479
    8   14   13    9 2019  5.487
    8   29   13    9 2019  5.496
    8   44   13    9 2019  5.505
    8   59   13    9 2019  5.513
    9   14   13    9 2019  5.521
    9   29   13    9 2019  5.530
    9   44   13    9 2019  5.538
    9   59   13    9 2019  5.546
   10   14   13    9 2019  5.554
   10   29   13    9 2019  5.563
   10   44   13    9 2019  5.571
   10   59   13    9 2019  5.578
   11   14   13    9 2019  5.586
   11   29   13    9 2019  5.594
   11   44   13    9 2019  5.602
   11   59   13    9 2019  5.609
   12   14   13    9 2019  5.617
   12   29   13    9 2019  5.625
   12   44   13    9 2019  5.632
   12   59   13    9 2019  5.639
   13   14   13    9 2019  5.647
   13   29   13    9 2019  5.654
   13   44   13    9 2019  5.661
   13   59   13    9 2019  5.668
   14   14   13    9 2019  5.675
   14   29   13    9 2019  5.682
   14   44   13    9 2019  5.689
   14   59   13    9 2019  5.696
   15   14   13    9 2019  5.702
   15   29   13    9 2019  5.709
   15   44   13    9 2019  5.716
   15   59   13    9 2019  5.722
   16   14   13    9 2019  5.729
   16   29   13    9 2019  5.735
   16   44   13    9 2019  5.741
   16   59   13    9 2019  5.747
   17   14   13    9 2019  5.754
   17   29   13    9 2019  5.760
   17   44   13    9 2019  5.766
   17   59   13    9 2019  5.772
   18   14   13    9 2019  5.777
   18   29   13    9 2019  5.783
   18   44   13    9 2019  5.789
   18   59   13    9 2019  5.794
   19   14   13    9 2019  5.800
   19   29   13    9 2019  5.805
   19   44   13    9 2019  5.811
   19   59   13    9 2019  5.816
   20   14   13    9 2019  5.821
   20   29   13    9 2019  5.827
   20   44   13    9 2019  5.832
   20   59   13    9 2019  5.837
   21   14   13    9 2019  5.842
   21   29   13    9 2019  5.846
   21   44   13    9 2019  5.851
   21   59   13    9 2019  5.856
   22   14   13    9 2019  5.861
   22   29   13    9 2019  5.865
   22   44   13    9 2019  5.870
   22   59   13    9 2019  5.874
   23   14   13    9 2019  5.878
   23   29   13    9 2019  5.883
   23   44   13    9 2019  5.887
   23   59   13    9 2019  5.891
    0   14   14    9 2019  5.895
    0   29   14    9 2019  5.899
    0   44   14    9 2019  5.903
    0   59   14    9 2019  5.906
    1   14   14    9 2019  5.910
    1   29   14    9 2019  5.914
    1   44   14    9 2019  5.917
    1   59   14    9 2019  5.921
    2   14   14    9 2019  5.924
    2   29   14    9 2019  5.928
    2   44   14    9 2019  5.931
    2   59   14    9 2019  5.934
    3   14   14    9 2019  5.937
    3   29   14    9 2019  5.940
    3   44   14    9 2019  5.943
    3   59   14    9 2019  5.946
    4   14   14    9 2019  5.949
    4   29   14    9 2019  5.952
    4   44   14    9 2019  5.954
    4   59   14    9 2019  5.957
    5   14   14    9 2019  5.959
    5   29   14    9 2019  5.962
    5   44   14    9 2019  5.964
    5   59   14    9 2019  5.966
    6   14   14    9 2019  5.968
    6   29   14    9 2019  5.970
    6   44   14    9 2019  5.972
    6   59   14    9 2019  5.974
    7   14   14    9 2019  5.976
    7   29   14    9 2019  5.978
    7   44   14    9 2019  5.980
    7   59   14    9 2019  5.981
    8   14   14    9 2019  5.983
    8   29   14    9 2019  5.984
    8   44   14    9 2019  5.986
    8   59   14    9 2019  5.987
    9   14   14    9 2019  5.988
    9   29   14    9 2019  5.989
    9   44   14    9 2019  5.990
    9   59   14    9 2019  5.991
   10   14   14    9 2019  5.992
   10   29   14    9 2019  5.993
   10   44   14    9 2019  5.994
   10   59   14    9 2019  5.995
   11   14   14    9 2019  5.995
   11   29   14    9 2019  5.996
   11   44   14    9 2019  5.996
   11   59   14    9 2019  5.997
   12   14   14    9 2019  5.997
   12   29   14    9 2019  5.997
   12   44   14    9 2019  5.997
   12   59   14    9 2019  5.997
   13   14   14    9 2019  5.997
   13   29   14    9 2019  5.997
   13   44   14    9 2019  5.997
   13   59   14    9 2019  5.997
   14   14   14    9 2019  5.996
   14   29   14    9 2019  5.996
   14   44   14    9 2019  5.995
   14   59   14    9 2019  5.995
   15   14   14    9 2019  5.994
   15   29   14    9 2019  5.993
   15   44   14    9 2019  5.993
   15   59   14    9 2019  5.992
   16   14   14    9 2019  5.991
   16   29   14    9 2019  5.990
   16   44   14    9 2019  5.989
   16   59   14    9 2019  5.987
   17   14   14    9 2019  5.986
   17   29   14    9 2019  5.985
   17   44   14    9 2019  5.983
   17   59   14    9 2019  5.982
   18   14   14    9 2019  5.980
   18   29   14    9 2019  5.979
   18   44   14    9 2019  5.977
   18   59   14    9 2019  5.975
   19   14   14    9 2019  5.973
   19   29   14    9 2019  5.971
   19   44   14    9 2019  5.969
   19   59   14    9 2019  5.967
   20   14   14    9 2019  5.965
   20   29   14    9 2019  5.962
   20   44   14    9 2019  5.960
   20   59   14    9 2019  5.957
   21   14   14    9 2019  5.955
   21   29   14    9 2019  5.952
   21   44   14    9 2019  5.950
   21   59   14    9 2019  5.947
   22   14   14    9 2019  5.944
   22   29   14    9 2019  5.941
   22   44   14    9 2019  5.938
   22   59   14    9 2019  5.935
   23   14   14    9 2019  5.932
   23   29   14    9 2019  5.929
   23   44   14    9 2019  5.925
   23   59   14    9 2019  5.922
    0   14   15    9 2019  5.918
    0   29   15    9 2019  5.915
    0   44   15    9 2019  5.911
    0   59   15    9 2019  5.908
    1   14   15    9 2019  5.904
    1   29   15    9 2019  5.900
    1   44   15    9 2019  5.896
    1   59   15    9 2019  5.892
    2   14   15    9 2019  5.888
    2   29   15    9 2019  5.884
    2   44   15    9 2019  5.880
    2   59   15    9 2019  5.875
    3   14   15    9 2019  5.871
    3   29   15    9 2019  5.866
    3   44   15    9 2019  5.862
    3   59   15    9 2019  5.857
    4   14   15    9 2019  5.853
    4   29   15    9 2019  5.848
    4   44   15    9 2019  5.843
    4   59   15    9 2019  5.838
    5   14   15    9 2019  5.833
    5   29   15    9 2019  5.828
    5   44   15    9 2019  5.823
    5   59   15    9 2019  5.818
    6   14   15    9 2019  5.812
    6   29   15    9 2019  5.807
    6   44   15    9 2019  5.802
    6   59   15    9 2019  5.796
    7   14   15    9 2019  5.791
    7   29   15    9 2019  5.785
    7   44   15    9 2019  5.779
    7   59   15    9 2019  5.773
    8   14   15    9 2019  5.767
    8   29   15    9 2019  5.761
    8   44   15    9 2019  5.755
    8   59   15    9 2019  5.749
    9   14   15    9 2019  5.743
    9   29   15    9 2019  5.737
    9   44   15    9 2019  5.731
    9   59   15    9 2019  5.724
   10   14   15    9 2019  5.718
   10   29   15    9 2019  5.711
   10   44   15    9 2019  5.705
   10   59   15    9 2019  5.698
   11   14   15    9 2019  5.691
   11   29   15    9 2019  5.684
   11   44   15    9 2019  5.677
   11   59   15    9 2019  5.670
   12   14   15    9 2019  5.663
   12   29   15    9 2019  5.656
   12   44   15    9 2019  5.649
   12   59   15    9 2019  5.642
   13   14   15    9 2019  5.634
   13   29   15    9 2019  5.627
   13   44   15    9 2019  5.619
   13   59   15    9 2019  5.612
   14   14   15    9 2019  5.604
   14   29   15    9 2019  5.597
   14   44   15    9 2019  5.589
   14   59   15    9 2019  5.581
   15   14   15    9 2019  5.573
   15   29   15    9 2019  5.565
   15   44   15    9 2019  5.557
   15   59   15    9 2019  5.549
   16   14   15    9 2019  5.541
   16   29   15    9 2019  5.532
   16   44   15    9 2019  5.524
   16   59   15    9 2019  5.516
   17   14   15    9 2019  5.507
   17   29   15    9 2019  5.499
   17   44   15    9 2019  5.490
   17   59   15    9 2019  5.481
   18   14   15    9 2019  5.473
   18   29   15    9 2019  5.464
   18   44   15    9 2019  5.455
   18   59   15    9 2019  5.446
   19   14   15    9 2019  5.437
   19   29   15    9 2019  5.428
   19   44   15    9 2019  5.419
   19   59   15    9 2019  5.410
   20   14   15    9 2019  5.400
   20   29   15    9 2019  5.391
   20   44   15    9 2019  5.381
   20   59   15    9 2019  5.372
   21   14   15    9 2019  5.362
   21   29   15    9 2019  5.353
   21   44   15    9 2019  5.343
   21   59   15    9 2019  5.333
   22   14   15    9 2019  5.324
   22   29   15    9 2019  5.314
   22   44   15    9 2019  5.304
   22   59   15    9 2019  5.294
   23   14   15    9 2019  5.284
   23   29   15    9 2019  5.274
   23   44   15    9 2019  5.263
   23   59   15    9 2019  5.253
    0   14   16    9 2019  5.243
    0   29   16    9 2019  5.232
    0   44   16    9 2019  5.222
    0   59   16    9 2019  5.211
    1   14   16    9 2019  5.201
    1   29   16    9 2019  5.190
    1   44   16    9 2019  5.179
    1   59   16    9 2019  5.169
    2   14   16    9 2019  5.158
    2   29   16    9 2019  5.147
    2   44   16    9 2019  5.136
    2   59   16    9 2019  5.125
    3   14   16    9 2019  5.114
    3   29   16    9 2019  5.103
    3   44   16    9 2019  5.091
    3   59   16    9 2019  5.080
    4   14   16    9 2019  5.069
    4   29   16    9 2019  5.057
    4   44   16    9 2019  5.046
    4   59   16    9 2019  5.035
    5   14   16    9 2019  5.023
    5   29   16    9 2019  5.011
    5   44   16    9 2019  5.000
    5   59   16    9 2019  4.988
    6   14   16    9 2019  4.976
    6   29   16    9 2019  4.964
    6   44   16    9 2019  4.952
    6   59   16    9 2019  4.940
    7   14   16    9 2019  4.928
    7   29   16    9 2019  4.916
    7   44   16    9 2019  4.904
    7   59   16    9 2019  4.892
    8   14   16    9 2019  4.880
    8   29   16    9 2019  4.867
    8   44   16    9 2019  4.855
    8   59   16    9 2019  4.842
    9   14   16    9 2019  4.830
    9   29   16    9 2019  4.817
    9   44   16    9 2019  4.805
    9   59   16    9 2019  4.792
   10   14   16    9 2019  4.779
   10   29   16    9 2019  4.767
   10   44   16    9 2019  4.754
   10   59   16    9 2019  4.741
   11   14   16    9 2019  4.728
   11   29   16    9 2019  4.715
   11   44   16    9 2019  4.702
   11   59   16    9 2019  4.689
   12   14   16    9 2019  4.676
   12   29   16    9 2019  4.663
   12   44   16    9 2019  4.649
   12   59   16    9 2019  4.636
   13   14   16    9 2019  4.623
   13   29   16    9 2019  4.609
   13   44   16    9 2019  4.596
   13   59   16    9 2019  4.582
   14   14   16    9 2019  4.569
   14   29   16    9 2019  4.555
   14   44   16    9 2019  4.541
   14   59   16    9 2019  4.528
   15   14   16    9 2019  4.514
   15   29   16    9 2019  4.500
   15   44   16    9 2019  4.486
   15   59   16    9 2019  4.472
   16   14   16    9 2019  4.459
   16   29   16    9 2019  4.445
   16   44   16    9 2019  4.430
   16   59   16    9 2019  4.416
   17   14   16    9 2019  4.402
   17   29   16    9 2019  4.388
   17   44   16    9 2019  4.374
   17   59   16    9 2019  4.360
   18   14   16    9 2019  4.345
   18   29   16    9 2019  4.331
   18   44   16    9 2019  4.316
   18   59   16    9 2019  4.302
   19   14   16    9 2019  4.287
   19   29   16    9 2019  4.273
   19   44   16    9 2019  4.258
   19   59   16    9 2019  4.244
   20   14   16    9 2019  4.229
   20   29   16    9 2019  4.214
   20   44   16    9 2019  4.199
   20   59   16    9 2019  4.185
   21   14   16    9 2019  4.170
   21   29   16    9 2019  4.155
   21   44   16    9 2019  4.140
   21   59   16    9 2019  4.125
   22   14   16    9 2019  4.110
   22   29   16    9 2019  4.095
   22   44   16    9 2019  4.080
   22   59   16    9 2019  4.064
   23   14   16    9 2019  4.049
   23   29   16    9 2019  4.034
   23   44   16    9 2019  4.019
   23   59   16    9 2019  4.003
    0   14   17    9 2019  3.988
    0   29   17    9 2019  3.973
    0   44   17    9 2019  3.957
    0   59   17    9 2019  3.942
    1   14   17    9 2019  3.926
    1   29   17    9 2019  3.911
    1   44   17    9 2019  3.895
    1   59   17    9 2019  3.879
    2   14   17    9 2019  3.864
    2   29   17    9 2019  3.848
    2   44   17    9 2019  3.832
    2   59   17    9 2019  3.817
    3   14   17    9 2019  3.801
    3   29   17    9 2019  3.785
    3   44   17    9 2019  3.769
    3   59   17    9 2019  3.753
    4   14   17    9 2019  3.737
    4   29   17    9 2019  3.721
    4   44   17    9 2019  3.705
    4   59   17    9 2019  3.689
    5   14   17    9 2019  3.673
    5   29   17    9 2019  3.657
    5   44   17    9 2019  3.641
    5   59   17    9 2019  3.625
    6   14   17    9 2019  3.608
    6   29   17    9 2019  3.592
    6   44   17    9 2019  3.576
    6   59   17    9 2019  3.560
    7   14   17    9 2019  3.543
    7   29   17    9 2019  3.527
    7   44   17    9 2019  3.510
    7   59   17    9 2019  3.494
    8   14   17    9 2019  3.478
    8   29   17    9 2019  3.461
    8   44   17    9 2019  3.445
    8   59   17    9 2019  3.428
    9   14   17    9 2019  3.411
    9   29   17    9 2019  3.395
    9   44   17    9 2019  3.378
    9   59   17    9 2019  3.362
   10   14   17    9 2019  3.345
   10   29   17    9 2019  3.328
   10   44   17    9 2019  3.311
   10   59   17    9 2019  3.295
   11   14   17    9 2019  3.278
   11   29   17    9 2019  3.261
   11   44   17    9 2019  3.244
   11   59   17    9 2019  3.227
   12   14   17    9 2019  3.211
   12   29   17    9 2019  3.194
   12   44   17    9 2019  3.177
   12   59   17    9 2019  3.160
   13   14   17    9 2019  3.143
   13   29   17    9 2019  3.126
   13   44   17    9 2019  3.109
   13   59   17    9 2019  3.092
   14   14   17    9 2019  3.075
   14   29   17    9 2019  3.058
   14   44   17    9 2019  3.040
   14   59   17    9 2019  3.023
   15   14   17    9 2019  3.006
   15   29   17    9 2019  2.989
   15   44   17    9 2019  2.972
   15   59   17    9 2019  2.955
   16   14   17    9 2019  2.937
   16   29   17    9 2019  2.920
   16   44   17    9 2019  2.903
   16   59   17    9 2019  2.886
   17   14   17    9 2019  2.868
   17   29   17    9 2019  2.851
   17   44   17    9 2019  2.834
   17   59   17    9 2019  2.816
   18   14   17    9 2019  2.799
   18   29   17    9 2019  2.782
   18   44   17    9 2019  2.764
   18   59   17    9 2019  2.747
   19   14   17    9 2019  2.729
   19   29   17    9 2019  2.712
   19   44   17    9 2019  2.694
   19   59   17    9 2019  2.677
   20   14   17    9 2019  2.659
   20   29   17    9 2019  2.642
   20   44   17    9 2019  2.624
   20   59   17    9 2019  2.607
   21   14   17    9 2019  2.589
   21   29   17    9 2019  2.572
   21   44   17    9 2019  2.554
   21   59   17    9 2019  2.537
   22   14   17    9 2019  2.519
   22   29   17    9 2019  2.502
   22   44   17    9 2019  2.484
   22   59   17    9 2019  2.466
   23   14   17    9 2019  2.449
   23   29   17    9 2019  2.431
   23   44   17    9 2019  2.414
   23   59   17    9 2019  2.396
    0   14   18    9 2019  2.378
    0   29   18    9 2019  2.361
    0   44   18    9 2019  2.343
    0   59   18    9 2019  2.325
    1   14   18    9 2019  2.308
    1   29   18    9 2019  2.290
    1   44   18    9 2019  2.272
    1   59   18    9 2019  2.255
    2   14   18    9 2019  2.237
    2   29   18    9 2019  2.219
    2   44   18    9 2019  2.201
    2   59   18    9 2019  2.184
    3   14   18    9 2019  2.166
    3   29   18    9 2019  2.148
    3   44   18    9 2019  2.131
    3   59   18    9 2019  2.113
    4   14   18    9 2019  2.095
    4   29   18    9 2019  2.077
    4   44   18    9 2019  2.060
    4   59   18    9 2019  2.042
    5   14   18    9 2019  2.024
    5   29   18    9 2019  2.007
    5   44   18    9 2019  1.989
    5   59   18    9 2019  1.971
    6   14   18    9 2019  1.953
    6   29   18    9 2019  1.936
    6   44   18    9 2019  1.918
    6   59   18    9 2019  1.900
    7   14   18    9 2019  1.882
    7   29   18    9 2019  1.865
    7   44   18    9 2019  1.847
    7   59   18    9 2019  1.829
    8   14   18    9 2019  1.812
    8   29   18    9 2019  1.794
    8   44   18    9 2019  1.776
    8   59   18    9 2019  1.758
    9   14   18    9 2019  1.741
    9   29   18    9 2019  1.723
    9   44   18    9 2019  1.705
    9   59   18    9 2019  1.688
   10   14   18    9 2019  1.670
   10   29   18    9 2019  1.652
   10   44   18    9 2019  1.635
   10   59   18    9 2019  1.617
   11   14   18    9 2019  1.599
   11   29   18    9 2019  1.582
   11   44   18    9 2019  1.564
   11   59   18    9 2019  1.546
   12   14   18    9 2019  1.529
   12   29   18    9 2019  1.511
   12   44   18    9 2019  1.494
   12   59   18    9 2019  1.476
   13   14   18    9 2019  1.459
   13   29   18    9 2019  1.441
   13   44   18    9 2019  1.423
   13   59   18    9 2019  1.406
   14   14   18    9 2019  1.388
   14   29   18    9 2019  1.371
   14   44   18    9 2019  1.353
   14   59   18    9 2019  1.336
   15   14   18    9 2019  1.318
   15   29   18    9 2019  1.301
   15   44   18    9 2019  1.283
   15   59   18    9 2019  1.266
   16   14   18    9 2019  1.249
   16   29   18    9 2019  1.231
   16   44   18    9 2019  1.214
   16   59   18    9 2019  1.196
   17   14   18    9 2019  1.179
   17   29   18    9 2019  1.162
   17   44   18    9 2019  1.144
   17   59   18    9 2019  1.127
   18   14   18    9 2019  1.110
   18   29   18    9 2019  1.092
   18   44   18    9 2019  1.075
   18   59   18    9 2019  1.058
   19   14   18    9 2019  1.041
   19   29   18    9 2019  1.023
   19   44   18    9 2019  1.006
   19   59   18    9 2019  0.989
   20   14   18    9 2019  0.972
   20   29   18    9 2019  0.955
   20   44   18    9 2019  0.938
   20   59   18    9 2019  0.921
   21   14   18    9 2019  0.904
   21   29   18    9 2019  0.887
   21   44   18    9 2019  0.870
   21   59   18    9 2019  0.853
   22   14   18    9 2019  0.836
   22   29   18    9 2019  0.819
   22   44   18    9 2019  0.802
   22   59   18    9 2019  0.785
   23   14   18    9 2019  0.768
   23   29   18    9 2019  0.751
   23   44   18    9 2019  0.734
   23   59   18    9 2019  0.717
    0   14   19    9 2019  0.701
    0   29   19    9 2019  0.684
    0   44   19    9 2019  0.667
    0   59   19    9 2019  0.650
    1   14   19    9 2019  0.634
    1   29   19    9 2019  0.617
    1   44   19    9 2019  0.600
    1   59   19    9 2019  0.584
    2   14   19    9 2019  0.567
    2   29   19    9 2019  0.551
    2   44   19    9 2019  0.534
    2   59   19    9 2019  0.518
    3   14   19    9 2019  0.501
    3   29   19    9 2019  0.485
    3   44   19    9 2019  0.468
    3   59   19    9 2019  0.452
    4   14   19    9 2019  0.436
    4   29   19    9 2019  0.419
    4   44   19    9 2019  0.403
    4   59   19    9 2019  0.387
    5   14   19    9 2019  0.371
    5   29   19    9 2019  0.354
    5   44   19    9 2019  0.338
    5   59   19    9 2019  0.322
    6   14   19    9 2019  0.306
    6   29   19    9 2019  0.290
    6   44   19    9 2019  0.274
    6   59   19    9 2019  0.258
    7   14   19    9 2019  0.242
    7   29   19    9 2019  0.226
    7   44   19    9 2019  0.210
    7   59   19    9 2019  0.194
    8   14   19    9 2019  0.179
    8   29   19    9 2019  0.163
    8   44   19    9 2019  0.147
    8   59   19    9 2019  0.131
    9   14   19    9 2019  0.116
    9   29   19    9 2019  0.100
    9   44   19    9 2019  0.085
    9   59   19    9 2019  0.069
   10   14   19    9 2019  0.053
   10   29   19    9 2019  0.038
   10   44   19    9 2019  0.023
   10   59   19    9 2019  0.007
   11   14   19    9 2019 -0.008
   11   29   19    9 2019 -0.024
   11   44   19    9 2019 -0.039
   11   59   19    9 2019 -0.054
   12   14   19    9 2019 -0.069
   12   29   19    9 2019 -0.084
   12   44   19    9 2019 -0.100
   12   59   19    9 2019 -0.115
   13   14   19    9 2019 -0.130
   13   29   19    9 2019 -0.145
   13   44   19    9 2019 -0.160
   13   59   19    9 2019 -0.175
   14   14   19    9 2019 -0.189
   14   29   19    9 2019 -0.204
   14   44   19    9 2019 -0.219
   14   59   19    9 2019 -0.234
   15   14   19    9 2019 -0.248
   15   29   19    9 2019 -0.263
   15   44   19    9 2019 -0.278
   15   59   19    9 2019 -0.292
   16   14   19    9 2019 -0.307
   16   29   19    9 2019 -0.321
   16   44   19    9 2019 -0.336
   16   59   19    9 2019 -0.350
   17   14   19    9 2019 -0.364
   17   29   19    9 2019 -0.379
   17   44   19    9 2019 -0.393
   17   59   19    9 2019 -0.407
   18   14   19    9 2019 -0.421
   18   29   19    9 2019 -0.435
   18   44   19    9 2019 -0.449
   18   59   19    9 2019 -0.463
   19   14   19    9 2019 -0.477
   19   29   19    9 2019 -0.491
   19   44   19    9 2019 -0.505
   19   59   19    9 2019 -0.519
   20   14   19    9 2019 -0.533
   20   29   19    9 2019 -0.546
   20   44   19    9 2019 -0.560
   20   59   19    9 2019 -0.574
   21   14   19    9 2019 -0.587
   21   29   19    9 2019 -0.601
   21   44   19    9 2019 -0.614
   21   59   19    9 2019 -0.628
   22   14   19    9 2019 -0.641
   22   29   19    9 2019 -0.654
   22   44   19    9 2019 -0.667
   22   59   19    9 2019 -0.681
   23   14   19    9 2019 -0.694
   23   29   19    9 2019 -0.707
   23   44   19    9 2019 -0.720
   23   59   19    9 2019 -0.733
    0   14   20    9 2019 -0.746
    0   29   20    9 2019 -0.759
    0   44   20    9 2019 -0.772
    0   59   20    9 2019 -0.784
    1   14   20    9 2019 -0.797
    1   29   20    9 2019 -0.810
    1   44   20    9 2019 -0.822
    1   59   20    9 2019 -0.835
    2   14   20    9 2019 -0.847
    2   29   20    9 2019 -0.860
    2   44   20    9 2019 -0.872
    2   59   20    9 2019 -0.884
    3   14   20    9 2019 -0.897
    3   29   20    9 2019 -0.909
    3   44   20    9 2019 -0.921
    3   59   20    9 2019 -0.933
    4   14   20    9 2019 -0.945
    4   29   20    9 2019 -0.957
    4   44   20    9 2019 -0.969
    4   59   20    9 2019 -0.981
    5   14   20    9 2019 -0.993
    5   29   20    9 2019 -1.005
    5   44   20    9 2019 -1.016
    5   59   20    9 2019 -1.028
    6   14   20    9 2019 -1.039
    6   29   20    9 2019 -1.051
    6   44   20    9 2019 -1.062
    6   59   20    9 2019 -1.074
    7   14   20    9 2019 -1.085
    7   29   20    9 2019 -1.096
    7   44   20    9 2019 -1.108
    7   59   20    9 2019 -1.119
    8   14   20    9 2019 -1.130
    8   29   20    9 2019 -1.141
    8   44   20    9 2019 -1.152
    8   59   20    9 2019 -1.163
    9   14   20    9 2019 -1.174
    9   29   20    9 2019 -1.184
    9   44   20    9 2019 -1.195
    9   59   20    9 2019 -1.206
   10   14   20    9 2019 -1.216
   10   29   20    9 2019 -1.227
   10   44   20    9 2019 -1.237
   10   59   20    9 2019 -1.248
   11   14   20    9 2019 -1.258
   11   29   20    9 2019 -1.268
   11   44   20    9 2019 -1.279
   11   59   20    9 2019 -1.289
   12   14   20    9 2019 -1.299
   12   29   20    9 2019 -1.309
   12   44   20    9 2019 -1.319
   12   59   20    9 2019 -1.329
   13   14   20    9 2019 -1.338
   13   29   20    9 2019 -1.348
   13   44   20    9 2019 -1.358
   13   59   20    9 2019 -1.367
   14   14   20    9 2019 -1.377
   14   29   20    9 2019 -1.387
   14   44   20    9 2019 -1.396
   14   59   20    9 2019 -1.405
   15   14   20    9 2019 -1.415
   15   29   20    9 2019 -1.424
   15   44   20    9 2019 -1.433
   15   59   20    9 2019 -1.442
   16   14   20    9 2019 -1.451
   16   29   20    9 2019 -1.460
   16   44   20    9 2019 -1.469
   16   59   20    9 2019 -1.478
   17   14   20    9 2019 -1.486
   17   29   20    9 2019 -1.495
   17   44   20    9 2019 -1.504
   17   59   20    9 2019 -1.512
   18   14   20    9 2019 -1.521
   18   29   20    9 2019 -1.529
   18   44   20    9 2019 -1.538
   18   59   20    9 2019 -1.546
   19   14   20    9 2019 -1.554
   19   29   20    9 2019 -1.562
   19   44   20    9 2019 -1.570
   19   59   20    9 2019 -1.578
   20   14   20    9 2019 -1.586
   20   29   20    9 2019 -1.594
   20   44   20    9 2019 -1.602
   20   59   20    9 2019 -1.609
   21   14   20    9 2019 -1.617
   21   29   20    9 2019 -1.625
   21   44   20    9 2019 -1.632
   21   59   20    9 2019 -1.639
   22   14   20    9 2019 -1.647
   22   29   20    9 2019 -1.654
   22   44   20    9 2019 -1.661
   22   59   20    9 2019 -1.668
   23   14   20    9 2019 -1.675
   23   29   20    9 2019 -1.682
   23   44   20    9 2019 -1.689
   23   59   20    9 2019 -1.696
    0   14   21    9 2019 -1.703
    0   29   21    9 2019 -1.710
    0   44   21    9 2019 -1.716
    0   59   21    9 2019 -1.723
    1   14   21    9 2019 -1.729
    1   29   21    9 2019 -1.736
    1   44   21    9 2019 -1.742
    1   59   21    9 2019 -1.748
    2   14   21    9 2019 -1.755
    2   29   21    9 2019 -1.761
    2   44   21    9 2019 -1.767
    2   59   21    9 2019 -1.773
    3   14   21    9 2019 -1.779
    3   29   21    9 2019 -1.784
    3   44   21    9 2019 -1.790
    3   59   21    9 2019 -1.796
    4   14   21    9 2019 -1.801
    4   29   21    9 2019 -1.807
    4   44   21    9 2019 -1.812
    4   59   21    9 2019 -1.818
    5   14   21    9 2019 -1.823
    5   29   21    9 2019 -1.828
    5   44   21    9 2019 -1.833
    5   59   21    9 2019 -1.838
    6   14   21    9 2019 -1.843
    6   29   21    9 2019 -1.848
    6   44   21    9 2019 -1.853
    6   59   21    9 2019 -1.858
    7   14   21    9 2019 -1.863
    7   29   21    9 2019 -1.867
    7   44   21    9 2019 -1.872
    7   59   21    9 2019 -1.876
    8   14   21    9 2019 -1.881
    8   29   21    9 2019 -1.885
    8   44   21    9 2019 -1.889
    8   59   21    9 2019 -1.893
    9   14   21    9 2019 -1.897
    9   29   21    9 2019 -1.901
    9   44   21    9 2019 -1.905
    9   59   21    9 2019 -1.909
   10   14   21    9 2019 -1.913
   10   29   21    9 2019 -1.917
   10   44   21    9 2019 -1.920
   10   59   21    9 2019 -1.924
   11   14   21    9 2019 -1.927
   11   29   21    9 2019 -1.931
   11   44   21    9 2019 -1.934
   11   59   21    9 2019 -1.937
   12   14   21    9 2019 -1.940
   12   29   21    9 2019 -1.943
   12   44   21    9 2019 -1.946
   12   59   21    9 2019 -1.949
   13   14   21    9 2019 -1.952
   13   29   21    9 2019 -1.955
   13   44   21    9 2019 -1.958
   13   59   21    9 2019 -1.960
   14   14   21    9 2019 -1.963
   14   29   21    9 2019 -1.965
   14   44   21    9 2019 -1.968
   14   59   21    9 2019 -1.970
   15   14   21    9 2019 -1.972
   15   29   21    9 2019 -1.974
   15   44   21    9 2019 -1.976
   15   59   21    9 2019 -1.978
   16   14   21    9 2019 -1.980
   16   29   21    9 2019 -1.982
   16   44   21    9 2019 -1.984
   16   59   21    9 2019 -1.986
   17   14   21    9 2019 -1.987
   17   29   21    9 2019 -1.989
   17   44   21    9 2019 -1.990
   17   59   21    9 2019 -1.992
   18   14   21    9 2019 -1.993
   18   29   21    9 2019 -1.994
   18   44   21    9 2019 -1.995
   18   59   21    9 2019 -1.996
   19   14   21    9 2019 -1.997
   19   29   21    9 2019 -1.998
   19   44   21    9 2019 -1.999
   19   59   21    9 2019 -2.000
   20   14   21    9 2019 -2.000
   20   29   21    9 2019 -2.001
   20   44   21    9 2019 -2.001
   20   59   21    9 2019 -2.002
   21   14   21    9 2019 -2.002
   21   29   21    9 2019 -2.002
   21   44   21    9 2019 -2.003
   21   59   21    9 2019 -2.003
   22   14   21    9 2019 -2.003
   22   29   21    9 2019 -2.003
   22   44   21    9 2019 -2.003
   22   59   21    9 2019 -2.002
   23   14   21    9 2019 -2.002
   23   29   21    9 2019 -2.002
   23   44   21    9 2019 -2.001
   23   59   21    9 2019 -2.001
    0   14   22    9 2019 -2.000
    0   29   22    9 2019 -1.999
    0   44   22    9 2019 -1.999
    0   59   22    9 2019 -1.998
    1   14   22    9 2019 -1.997
    1   29   22    9 2019 -1.996
    1   44   22    9 2019 -1.995
    1   59   22    9 2019 -1.994
    2   14   22    9 2019 -1.993
    2   29   22    9 2019 -1.991
    2   44   22    9 2019 -1.990
    2   59   22    9 2019 -1.988
    3   14   22    9 2019 -1.987
    3   29   22    9 2019 -1.985
    3   44   22    9 2019 -1.984
    3   59   22    9 2019 -1.982
    4   14   22    9 2019 -1.980
    4   29   22    9 2019 -1.978
    4   44   22    9 2019 -1.976
    4   59   22    9 2019 -1.974
    5   14   22    9 2019 -1.972
    5   29   22    9 2019 -1.969
    5   44   22    9 2019 -1.967
    5   59   22    9 2019 -1.965
    6   14   22    9 2019 -1.962
    6   29   22    9 2019 -1.960
    6   44   22    9 2019 -1.957
    6   59   22    9 2019 -1.954
    7   14   22    9 2019 -1.952
    7   29   22    9 2019 -1.949
    7   44   22    9 2019 -1.946
    7   59   22    9 2019 -1.943
    8   14   22    9 2019 -1.940
    8   29   22    9 2019 -1.937
    8   44   22    9 2019 -1.933
    8   59   22    9 2019 -1.930
    9   14   22    9 2019 -1.927
    9   29   22    9 2019 -1.923
    9   44   22    9 2019 -1.919
    9   59   22    9 2019 -1.916
   10   14   22    9 2019 -1.912
   10   29   22    9 2019 -1.908
   10   44   22    9 2019 -1.904
   10   59   22    9 2019 -1.901
   11   14   22    9 2019 -1.897
   11   29   22    9 2019 -1.892
   11   44   22    9 2019 -1.888
   11   59   22    9 2019 -1.884
   12   14   22    9 2019 -1.880
   12   29   22    9 2019 -1.875
   12   44   22    9 2019 -1.871
   12   59   22    9 2019 -1.866
   13   14   22    9 2019 -1.862
   13   29   22    9 2019 -1.857
   13   44   22    9 2019 -1.852
   13   59   22    9 2019 -1.847
   14   14   22    9 2019 -1.842
   14   29   22    9 2019 -1.837
   14   44   22    9 2019 -1.832
   14   59   22    9 2019 -1.827
   15   14   22    9 2019 -1.822
   15   29   22    9 2019 -1.817
   15   44   22    9 2019 -1.811
   15   59   22    9 2019 -1.806
   16   14   22    9 2019 -1.800
   16   29   22    9 2019 -1.795
   16   44   22    9 2019 -1.789
   16   59   22    9 2019 -1.783
   17   14   22    9 2019 -1.777
   17   29   22    9 2019 -1.771
   17   44   22    9 2019 -1.765
   17   59   22    9 2019 -1.759
   18   14   22    9 2019 -1.753
   18   29   22    9 2019 -1.747
   18   44   22    9 2019 -1.741
   18   59   22    9 2019 -1.734
   19   14   22    9 2019 -1.728
   19   29   22    9 2019 -1.721
   19   44   22    9 2019 -1.715
   19   59   22    9 2019 -1.708
   20   14   22    9 2019 -1.702
   20   29   22    9 2019 -1.695
   20   44   22    9 2019 -1.688
   20   59   22    9 2019 -1.681
   21   14   22    9 2019 -1.674
   21   29   22    9 2019 -1.667
   21   44   22    9 2019 -1.660
   21   59   22    9 2019 -1.652
   22   14   22    9 2019 -1.645
   22   29   22    9 2019 -1.638
   22   44   22    9 2019 -1.630
   22   59   22    9 2019 -1.623
   23   14   22    9 2019 -1.615
   23   29   22    9 2019 -1.608
   23   44   22    9 2019 -1.600
   23   59   22    9 2019 -1.592
    0   14   23    9 2019 -1.584
    0   29   23    9 2019 -1.576
    0   44   23    9 2019 -1.568
    0   59   23    9 2019 -1.560
    1   14   23    9 2019 -1.552
    1   29   23    9 2019 -1.544
    1   44   23    9 2019 -1.536
    1   59   23    9 2019 -1.527
    2   14   23    9 2019 -1.519
    2   29   23    9 2019 -1.510
    2   44   23    9 2019 -1.502
    2   59   23    9 2019 -1.493
    3   14   23    9 2019 -1.485
    3   29   23    9 2019 -1.476
    3   44   23    9 2019 -1.467
    3   59   23    9 2019 -1.458
    4   14   23    9 2019 -1.449
    4   29   23    9 2019 -1.440
    4   44   23    9 2019 -1.431
    4   59   23    9 2019 -1.422
    5   14   23    9 2019 -1.413
    5   29   23    9 2019 -1.403
    5   44   23    9 2019 -1.394
    5   59   23    9 2019 -1.384
    6   14   23    9 2019 -1.375
    6   29   23    9 2019 -1.365
    6   44   23    9 2019 -1.356
    6   59   23    9 2019 -1.346
    7   14   23    9 2019 -1.336
    7   29   23    9 2019 -1.326
    7   44   23    9 2019 -1.317
    7   59   23    9 2019 -1.307
    8   14   23    9 2019 -1.297
    8   29   23    9 2019 -1.286
    8   44   23    9 2019 -1.276
    8   59   23    9 2019 -1.266
    9   14   23    9 2019 -1.256
    9   29   23    9 2019 -1.245
    9   44   23    9 2019 -1.235
    9   59   23    9 2019 -1.225
   10   14   23    9 2019 -1.214
   10   29   23    9 2019 -1.203
   10   44   23    9 2019 -1.193
   10   59   23    9 2019 -1.182
   11   14   23    9 2019 -1.171
   11   29   23    9 2019 -1.160
   11   44   23    9 2019 -1.149
   11   59   23    9 2019 -1.138
   12   14   23    9 2019 -1.127
   12   29   23    9 2019 -1.116
   12   44   23    9 2019 -1.105
   12   59   23    9 2019 -1.094
   13   14   23    9 2019 -1.083
   13   29   23    9 2019 -1.071
   13   44   23    9 2019 -1.060
   13   59   23    9 2019 -1.048
   14   14   23    9 2019 -1.037
   14   29   23    9 2019 -1.025
   14   44   23    9 2019 -1.014
   14   59   23    9 2019 -1.002
   15   14   23    9 2019 -0.990
   15   29   23    9 2019 -0.978
   15   44   23    9 2019 -0.967
   15   59   23    9 2019 -0.955
   16   14   23    9 2019 -0.943
   16   29   23    9 2019 -0.931
   16   44   23    9 2019 -0.918
   16   59   23    9 2019 -0.906
   17   14   23    9 2019 -0.894
   17   29   23    9 2019 -0.882
   17   44   23    9 2019 -0.869
   17   59   23    9 2019 -0.857
   18   14   23    9 2019 -0.845
   18   29   23    9 2019 -0.832
   18   44   23    9 2019 -0.820
   18   59   23    9 2019 -0.807
   19   14   23    9 2019 -0.794
   19   29   23    9 2019 -0.782
   19   44   23    9 2019 -0.769
   19   59   23    9 2019 -0.756
   20   14   23    9 2019 -0.743
   20   29   23    9 2019 -0.730
   20   44   23    9 2019 -0.717
   20   59   23    9 2019 -0.704
   21   14   23    9 2019 -0.691
   21   29   23    9 2019 -0.678
   21   44   23    9 2019 -0.665
   21   59   23    9 2019 -0.651
   22   14   23    9 2019 -0.638
   22   29   23    9 2019 -0.625
   22   44   23    9 2019 -0.611
   22   59   23    9 2019 -0.598
   23   14   23    9 2019 -0.584
   23   29   23    9 2019 -0.571
   23   44   23    9 2019 -0.557
   23   59   23    9 2019 -0.543
    0   14   24    9 2019 -0.530
    0   29   24    9 2019 -0.516
    0   44   24    9 2019 -0.502
    0   59   24    9 2019 -0.488
    1   14   24    9 2019 -0.474
    1   29   24    9 2019 -0.460
    1   44   24    9 2019 -0.446
    1   59   24    9 2019 -0.432
    2   14   24    9 2019 -0.418
    2   29   24    9 2019 -0.404
    2   44   24    9 2019 -0.390
    2   59   24    9 2019 -0.375
    3   14   24    9 2019 -0.361
    3   29   24    9 2019 -0.347
    3   44   24    9 2019 -0.332
    3   59   24    9 2019 -0.318
    4   14   24    9 2019 -0.304
    4   29   24    9 2019 -0.289
    4   44   24    9 2019 -0.274
    4   59   24    9 2019 -0.260
    5   14   24    9 2019 -0.245
    5   29   24    9 2019 -0.230
    5   44   24    9 2019 -0.216
    5   59   24    9 2019 -0.201
    6   14   24    9 2019 -0.186
    6   29   24    9 2019 -0.171
    6   44   24    9 2019 -0.156
    6   59   24    9 2019 -0.141
    7   14   24    9 2019 -0.126
    7   29   24    9 2019 -0.111
    7   44   24    9 2019 -0.096
    7   59   24    9 2019 -0.081
    8   14   24    9 2019 -0.066
    8   29   24    9 2019 -0.051
    8   44   24    9 2019 -0.035
    8   59   24    9 2019 -0.020
    9   14   24    9 2019 -0.005
    9   29   24    9 2019  0.011
    9   44   24    9 2019  0.026
    9   59   24    9 2019  0.041
   10   14   24    9 2019  0.057
   10   29   24    9 2019  0.072
   10   44   24    9 2019  0.088
   10   59   24    9 2019  0.104
   11   14   24    9 2019  0.119
   11   29   24    9 2019  0.135
   11   44   24    9 2019  0.151
   11   59   24    9 2019  0.166
   12   14   24    9 2019  0.182
   12   29   24    9 2019  0.198
   12   44   24    9 2019  0.214
   12   59   24    9 2019  0.230
   13   14   24    9 2019  0.246
   13   29   24    9 2019  0.262
   13   44   24    9 2019  0.278
   13   59   24    9 2019  0.294
   14   14   24    9 2019  0.310
   14   29   24    9 2019  0.326
   14   44   24    9 2019  0.342
   14   59   24    9 2019  0.358
   15   14   24    9 2019  0.374
   15   29   24    9 2019  0.390
   15   44   24    9 2019  0.407
   15   59   24    9 2019  0.423
   16   14   24    9 2019  0.439
   16   29   24    9 2019  0.456
   16   44   24    9 2019  0.472
   16   59   24    9 2019  0.488
   17   14   24    9 2019  0.505
   17   29   24    9 2019  0.521
   17   44   24    9 2019  0.538
   17   59   24    9 2019  0.554
   18   14   24    9 2019  0.571
   18   29   24    9 2019  0.587
   18   44   24    9 2019  0.604
   18   59   24    9 2019  0.621
   19   14   24    9 2019  0.637
   19   29   24    9 2019  0.654
   19   44   24    9 2019  0.671
   19   59   24    9 2019  0.688
   20   14   24    9 2019  0.704
   20   29   24    9 2019  0.721
   20   44   24    9 2019  0.738
   20   59   24    9 2019  0.755
   21   14   24    9 2019  0.772
   21   29   24    9 2019  0.788
   21   44   24    9 2019  0.805
   21   59   24    9 2019  0.822
   22   14   24    9 2019  0.839
   22   29   24    9 2019  0.856
   22   44   24    9 2019  0.873
   22   59   24    9 2019  0.890
   23   14   24    9 2019  0.907
   23   29   24    9 2019  0.924
   23   44   24    9 2019  0.942
   23   59   24    9 2019  0.959
    0   14   25    9 2019  0.976
    0   29   25    9 2019  0.993
    0   44   25    9 2019  1.010
    0   59   25    9 2019  1.027
    1   14   25    9 2019  1.045
    1   29   25    9 2019  1.062
    1   44   25    9 2019  1.079
    1   59   25    9 2019  1.096
    2   14   25    9 2019  1.114
    2   29   25    9 2019  1.131
    2   44   25    9 2019  1.148
    2   59   25    9 2019  1.165
    3   14   25    9 2019  1.183
    3   29   25    9 2019  1.200
    3   44   25    9 2019  1.218
    3   59   25    9 2019  1.235
    4   14   25    9 2019  1.252
    4   29   25    9 2019  1.270
    4   44   25    9 2019  1.287
    4   59   25    9 2019  1.305
    5   14   25    9 2019  1.322
    5   29   25    9 2019  1.340
    5   44   25    9 2019  1.357
    5   59   25    9 2019  1.375
    6   14   25    9 2019  1.392
    6   29   25    9 2019  1.410
    6   44   25    9 2019  1.427
    6   59   25    9 2019  1.445
    7   14   25    9 2019  1.462
    7   29   25    9 2019  1.480
    7   44   25    9 2019  1.498
    7   59   25    9 2019  1.515
    8   14   25    9 2019  1.533
    8   29   25    9 2019  1.550
    8   44   25    9 2019  1.568
    8   59   25    9 2019  1.586
    9   14   25    9 2019  1.603
    9   29   25    9 2019  1.621
    9   44   25    9 2019  1.639
    9   59   25    9 2019  1.656
   10   14   25    9 2019  1.674
   10   29   25    9 2019  1.692
   10   44   25    9 2019  1.709
   10   59   25    9 2019  1.727
   11   14   25    9 2019  1.745
   11   29   25    9 2019  1.762
   11   44   25    9 2019  1.780
   11   59   25    9 2019  1.798
   12   14   25    9 2019  1.815
   12   29   25    9 2019  1.833
   12   44   25    9 2019  1.851
   12   59   25    9 2019  1.869
   13   14   25    9 2019  1.886
   13   29   25    9 2019  1.904
   13   44   25    9 2019  1.922
   13   59   25    9 2019  1.940
   14   14   25    9 2019  1.957
   14   29   25    9 2019  1.975
   14   44   25    9 2019  1.993
   14   59   25    9 2019  2.010
   15   14   25    9 2019  2.028
   15   29   25    9 2019  2.046
   15   44   25    9 2019  2.064
   15   59   25    9 2019  2.081
   16   14   25    9 2019  2.099
   16   29   25    9 2019  2.117
   16   44   25    9 2019  2.135
   16   59   25    9 2019  2.152
   17   14   25    9 2019  2.170
   17   29   25    9 2019  2.188
   17   44   25    9 2019  2.205
   17   59   25    9 2019  2.223
   18   14   25    9 2019  2.241
   18   29   25    9 2019  2.258
   18   44   25    9 2019  2.276
   18   59   25    9 2019  2.294
   19   14   25    9 2019  2.312
   19   29   25    9 2019  2.329
   19   44   25    9 2019  2.347
   19   59   25    9 2019  2.365
   20   14   25    9 2019  2.382
   20   29   25    9 2019  2.400
   20   44   25    9 2019  2.417
   20   59   25    9 2019  2.435
   21   14   25    9 2019  2.453
   21   29   25    9 2019  2.470
   21   44   25    9 2019  2.488
   21   59   25    9 2019  2.506
   22   14   25    9 2019  2.523
   22   29   25    9 2019  2.541
   22   44   25    9 2019  2.558
   22   59   25    9 2019  2.576
   23   14   25    9 2019  2.593
   23   29   25    9 2019  2.611
   23   44   25    9 2019  2.628
   23   59   25    9 2019  2.646
    0   14   26    9 2019  2.663
    0   29   26    9 2019  2.681
    0   44   26    9 2019  2.698
    0   59   26    9 2019  2.716
    1   14   26    9 2019  2.733
    1   29   26    9 2019  2.751
    1   44   26    9 2019  2.768
    1   59   26    9 2019  2.785
    2   14   26    9 2019  2.803
    2   29   26    9 2019  2.820
    2   44   26    9 2019  2.837
    2   59   26    9 2019  2.855
    3   14   26    9 2019  2.872
    3   29   26    9 2019  2.889
    3   44   26    9 2019  2.907
    3   59   26    9 2019  2.924
    4   14   26    9 2019  2.941
    4   29   26    9 2019  2.958
    4   44   26    9 2019  2.976
    4   59   26    9 2019  2.993
    5   14   26    9 2019  3.010
    5   29   26    9 2019  3.027
    5   44   26    9 2019  3.044
    5   59   26    9 2019  3.061
    6   14   26    9 2019  3.078
    6   29   26    9 2019  3.095
    6   44   26    9 2019  3.113
    6   59   26    9 2019  3.130
    7   14   26    9 2019  3.147
    7   29   26    9 2019  3.163
    7   44   26    9 2019  3.180
    7   59   26    9 2019  3.197
    8   14   26    9 2019  3.214
    8   29   26    9 2019  3.231
    8   44   26    9 2019  3.248
    8   59   26    9 2019  3.265
    9   14   26    9 2019  3.282
    9   29   26    9 2019  3.298
    9   44   26    9 2019  3.315
    9   59   26    9 2019  3.332
   10   14   26    9 2019  3.349
   10   29   26    9 2019  3.365
   10   44   26    9 2019  3.382
   10   59   26    9 2019  3.399
   11   14   26    9 2019  3.415
   11   29   26    9 2019  3.432
   11   44   26    9 2019  3.448
   11   59   26    9 2019  3.465
   12   14   26    9 2019  3.481
   12   29   26    9 2019  3.498
   12   44   26    9 2019  3.514
   12   59   26    9 2019  3.530
   13   14   26    9 2019  3.547
   13   29   26    9 2019  3.563
   13   44   26    9 2019  3.579
   13   59   26    9 2019  3.596
   14   14   26    9 2019  3.612
   14   29   26    9 2019  3.628
   14   44   26    9 2019  3.644
   14   59   26    9 2019  3.661
   15   14   26    9 2019  3.677
   15   29   26    9 2019  3.693
   15   44   26    9 2019  3.709
   15   59   26    9 2019  3.725
   16   14   26    9 2019  3.741
   16   29   26    9 2019  3.757
   16   44   26    9 2019  3.773
   16   59   26    9 2019  3.788
   17   14   26    9 2019  3.804
   17   29   26    9 2019  3.820
   17   44   26    9 2019  3.836
   17   59   26    9 2019  3.852
   18   14   26    9 2019  3.867
   18   29   26    9 2019  3.883
   18   44   26    9 2019  3.899
   18   59   26    9 2019  3.914
   19   14   26    9 2019  3.930
   19   29   26    9 2019  3.945
   19   44   26    9 2019  3.961
   19   59   26    9 2019  3.976
   20   14   26    9 2019  3.991
   20   29   26    9 2019  4.007
   20   44   26    9 2019  4.022
   20   59   26    9 2019  4.037
   21   14   26    9 2019  4.053
   21   29   26    9 2019  4.068
   21   44   26    9 2019  4.083
   21   59   26    9 2019  4.098
   22   14   26    9 2019  4.113
   22   29   26    9 2019  4.128
   22   44   26    9 2019  4.143
   22   59   26    9 2019  4.158
   23   14   26    9 2019  4.173
   23   29   26    9 2019  4.188
   23   44   26    9 2019  4.203
   23   59   26    9 2019  4.217
    0   14   27    9 2019  4.232
    0   29   27    9 2019  4.247
    0   44   27    9 2019  4.261
    0   59   27    9 2019  4.276
    1   14   27    9 2019  4.291
    1   29   27    9 2019  4.305
    1   44   27    9 2019  4.320
    1   59   27    9 2019  4.334
    2   14   27    9 2019  4.348
    2   29   27    9 2019  4.363
    2   44   27    9 2019  4.377
    2   59   27    9 2019  4.391
    3   14   27    9 2019  4.405
    3   29   27    9 2019  4.419
    3   44   27    9 2019  4.434
    3   59   27    9 2019  4.448
    4   14   27    9 2019  4.462
    4   29   27    9 2019  4.476
    4   44   27    9 2019  4.489
    4   59   27    9 2019  4.503
    5   14   27    9 2019  4.517
    5   29   27    9 2019  4.531
    5   44   27    9 2019  4.545
    5   59   27    9 2019  4.558
    6   14   27    9 2019  4.572
    6   29   27    9 2019  4.585
    6   44   27    9 2019  4.599
    6   59   27    9 2019  4.612
    7   14   27    9 2019  4.626
    7   29   27    9 2019  4.639
    7   44   27    9 2019  4.652
    7   59   27    9 2019  4.666
    8   14   27    9 2019  4.679
    8   29   27    9 2019  4.692
    8   44   27    9 2019  4.705
    8   59   27    9 2019  4.718
    9   14   27    9 2019  4.731
    9   29   27    9 2019  4.744
    9   44   27    9 2019  4.757
    9   59   27    9 2019  4.769
   10   14   27    9 2019  4.782
   10   29   27    9 2019  4.795
   10   44   27    9 2019  4.808
   10   59   27    9 2019  4.820
   11   14   27    9 2019  4.833
   11   29   27    9 2019  4.845
   11   44   27    9 2019  4.858
   11   59   27    9 2019  4.870
   12   14   27    9 2019  4.882
   12   29   27    9 2019  4.895
   12   44   27    9 2019  4.907
   12   59   27    9 2019  4.919
   13   14   27    9 2019  4.931
   13   29   27    9 2019  4.943
   13   44   27    9 2019  4.955
   13   59   27    9 2019  4.967
   14   14   27    9 2019  4.979
   14   29   27    9 2019  4.990
   14   44   27    9 2019  5.002
   14   59   27    9 2019  5.014
   15   14   27    9 2019  5.026
   15   29   27    9 2019  5.037
   15   44   27    9 2019  5.049
   15   59   27    9 2019  5.060
   16   14   27    9 2019  5.071
   16   29   27    9 2019  5.083
   16   44   27    9 2019  5.094
   16   59   27    9 2019  5.105
   17   14   27    9 2019  5.116
   17   29   27    9 2019  5.127
   17   44   27    9 2019  5.138
   17   59   27    9 2019  5.149
   18   14   27    9 2019  5.160
   18   29   27    9 2019  5.171
   18   44   27    9 2019  5.182
   18   59   27    9 2019  5.192
   19   14   27    9 2019  5.203
   19   29   27    9 2019  5.214
   19   44   27    9 2019  5.224
   19   59   27    9 2019  5.235
   20   14   27    9 2019  5.245
   20   29   27    9 2019  5.255
   20   44   27    9 2019  5.266
   20   59   27    9 2019  5.276
   21   14   27    9 2019  5.286
   21   29   27    9 2019  5.296
   21   44   27    9 2019  5.306
   21   59   27    9 2019  5.316
   22   14   27    9 2019  5.326
   22   29   27    9 2019  5.336
   22   44   27    9 2019  5.345
   22   59   27    9 2019  5.355
   23   14   27    9 2019  5.365
   23   29   27    9 2019  5.374
   23   44   27    9 2019  5.384
   23   59   27    9 2019  5.393
    0   14   28    9 2019  5.402
    0   29   28    9 2019  5.412
    0   44   28    9 2019  5.421
    0   59   28    9 2019  5.430
    1   14   28    9 2019  5.439
    1   29   28    9 2019  5.448
    1   44   28    9 2019  5.457
    1   59   28    9 2019  5.466
    2   14   28    9 2019  5.475
    2   29   28    9 2019  5.483
    2   44   28    9 2019  5.492
    2   59   28    9 2019  5.501
    3   14   28    9 2019  5.509
    3   29   28    9 2019  5.518
    3   44   28    9 2019  5.526
    3   59   28    9 2019  5.534
    4   14   28    9 2019  5.542
    4   29   28    9 2019  5.551
    4   44   28    9 2019  5.559
    4   59   28    9 2019  5.567
    5   14   28    9 2019  5.575
    5   29   28    9 2019  5.583
    5   44   28    9 2019  5.590
    5   59   28    9 2019  5.598
    6   14   28    9 2019  5.606
    6   29   28    9 2019  5.614
    6   44   28    9 2019  5.621
    6   59   28    9 2019  5.629
    7   14   28    9 2019  5.636
    7   29   28    9 2019  5.643
    7   44   28    9 2019  5.651
    7   59   28    9 2019  5.658
    8   14   28    9 2019  5.665
    8   29   28    9 2019  5.672
    8   44   28    9 2019  5.679
    8   59   28    9 2019  5.686
    9   14   28    9 2019  5.693
    9   29   28    9 2019  5.699
    9   44   28    9 2019  5.706
    9   59   28    9 2019  5.713
   10   14   28    9 2019  5.719
   10   29   28    9 2019  5.726
   10   44   28    9 2019  5.732
   10   59   28    9 2019  5.738
   11   14   28    9 2019  5.745
   11   29   28    9 2019  5.751
   11   44   28    9 2019  5.757
   11   59   28    9 2019  5.763
   12   14   28    9 2019  5.769
   12   29   28    9 2019  5.775
   12   44   28    9 2019  5.780
   12   59   28    9 2019  5.786
   13   14   28    9 2019  5.792
   13   29   28    9 2019  5.797
   13   44   28    9 2019  5.803
   13   59   28    9 2019  5.808
   14   14   28    9 2019  5.814
   14   29   28    9 2019  5.819
   14   44   28    9 2019  5.824
   14   59   28    9 2019  5.829
   15   14   28    9 2019  5.834
   15   29   28    9 2019  5.839
   15   44   28    9 2019  5.844
   15   59   28    9 2019  5.849
   16   14   28    9 2019  5.854
   16   29   28    9 2019  5.858
   16   44   28    9 2019  5.863
   16   59   28    9 2019  5.867
   17   14   28    9 2019  5.872
   17   29   28    9 2019  5.876
   17   44   28    9 2019  5.881
   17   59   28    9 2019  5.885
   18   14   28    9 2019  5.889
   18   29   28    9 2019  5.893
   18   44   28    9 2019  5.897
   18   59   28    9 2019  5.901
   19   14   28    9 2019  5.905
   19   29   28    9 2019  5.908
   19   44   28    9 2019  5.912
   19   59   28    9 2019  5.916
   20   14   28    9 2019  5.919
   20   29   28    9 2019  5.923
   20   44   28    9 2019  5.926
   20   59   28    9 2019  5.929
   21   14   28    9 2019  5.933
   21   29   28    9 2019  5.936
   21   44   28    9 2019  5.939
   21   59   28    9 2019  5.942
   22   14   28    9 2019  5.945
   22   29   28    9 2019  5.947
   22   44   28    9 2019  5.950
   22   59   28    9 2019  5.953
   23   14   28    9 2019  5.956
   23   29   28    9 2019  5.958
   23   44   28    9 2019  5.960
   23   59   28    9 2019  5.963
    0   14   29    9 2019  5.965
    0   29   29    9 2019  5.967
    0   44   29    9 2019  5.969
    0   59   29    9 2019  5.971
    1   14   29    9 2019  5.973
    1   29   29    9 2019  5.975
    1   44   29    9 2019  5.977
    1   59   29    9 2019  5.979
    2   14   29    9 2019  5.981
    2   29   29    9 2019  5.982
    2   44   29    9 2019  5.984
    2   59   29    9 2019  5.985
    3   14   29    9 2019  5.986
    3   29   29    9 2019  5.988
    3   44   29    9 2019  5.989
    3   59   29    9 2019  5.990
    4   14   29    9 2019  5.991
    4   29   29    9 2019  5.992
    4   44   29    9 2019  5.993
    4   59   29    9 2019  5.994
    5   14   29    9 2019  5.994
    5   29   29    9 2019  5.995
    5   44   29    9 2019  5.996
    5   59   29    9 2019  5.996
    6   14   29    9 2019  5.996
    6   29   29    9 2019  5.997
    6   44   29    9 2019  5.997
    6   59   29    9 2019  5.997
    7   14   29    9 2019  5.997
    7   29   29    9 2019  5.997
    7   44   29    9 2019  5.997
    7   59   29    9 2019  5.997
    8   14   29    9 2019  5.997
    8   29   29    9 2019  5.997
    8   44   29    9 2019  5.996
    8   59   29    9 2019  5.996
    9   14   29    9 2019  5.995
    9   29   29    9 2019  5.995
    9   44   29    9 2019  5.994
    9   59   29    9 2019  5.993
   10   14   29    9 2019  5.992
   10   29   29    9 2019  5.991
   10   44   29    9 2019  5.990
   10   59   29    9 2019  5.989
   11   14   29    9 2019  5.988
   11   29   29    9 2019  5.987
   11   44   29    9 2019  5.985
   11   59   29    9 2019  5.984
   12   14   29    9 2019  5.983
   12   29   29    9 2019  5.981
   12   44   29    9 2019  5.979
   12   59   29    9 2019  5.978
   13   14   29    9 2019  5.976
   13   29   29    9 2019  5.974
   13   44   29    9 2019  5.972
   13   59   29    9 2019  5.970
   14   14   29    9 2019  5.968
   14   29   29    9 2019  5.966
   14   44   29    9 2019  5.963
   14   59   29    9 2019  5.961
   15   14   29    9 2019  5.959
   15   29   29    9 2019  5.956
   15   44   29    9 2019  5.954
   15   59   29    9 2019  5.951
   16   14   29    9 2019  5.948
   16   29   29    9 2019  5.945
   16   44   29    9 2019  5.942
   16   59   29    9 2019  5.940
   17   14   29    9 2019  5.936
   17   29   29    9 2019  5.933
   17   44   29    9 2019  5.930
   17   59   29    9 2019  5.927
   18   14   29    9 2019  5.924
   18   29   29    9 2019  5.920
   18   44   29    9 2019  5.917
   18   59   29    9 2019  5.913
   19   14   29    9 2019  5.909
   19   29   29    9 2019  5.906
   19   44   29    9 2019  5.902
   19   59   29    9 2019  5.898
   20   14   29    9 2019  5.894
   20   29   29    9 2019  5.890
   20   44   29    9 2019  5.886
   20   59   29    9 2019  5.882
   21   14   29    9 2019  5.877
   21   29   29    9 2019  5.873
   21   44   29    9 2019  5.869
   21   59   29    9 2019  5.864
   22   14   29    9 2019  5.860
   22   29   29    9 2019  5.855
   22   44   29    9 2019  5.850
   22   59   29    9 2019  5.845
   23   14   29    9 2019  5.840
   23   29   29    9 2019  5.835
   23   44   29    9 2019  5.830
   23   59   29    9 2019  5.825
    0   14   30    9 2019  5.820
    0   29   30    9 2019  5.815
    0   44   30    9 2019  5.810
    0   59   30    9 2019  5.804
    1   14   30    9 2019  5.799
    1   29   30    9 2019  5.793
    1   44   30    9 2019  5.788
    1   59   30    9 2019  5.782
    2   14   30    9 2019  5.776
    2   29   30    9 2019  5.770
    2   44   30    9 2019  5.764
    2   59   30    9 2019  5.758
    3   14   30    9 2019  5.752
    3   29   30    9 2019  5.746
    3   44   30    9 2019  5.740
    3   59   30    9 2019  5.734
    4   14   30    9 2019  5.727
    4   29   30    9 2019  5.721
    4   44   30    9 2019  5.714
    4   59   30    9 2019  5.708
    5   14   30    9 2019  5.701
    5   29   30    9 2019  5.694
    5   44   30    9 2019  5.687
    5   59   30    9 2019  5.681
    6   14   30    9 2019  5.674
    6   29   30    9 2019  5.667
    6   44   30    9 2019  5.659
    6   59   30    9 2019  5.652
    7   14   30    9 2019  5.645
    7   29   30    9 2019  5.638
    7   44   30    9 2019  5.630
    7   59   30    9 2019  5.623
    8   14   30    9 2019  5.615
    8   29   30    9 2019  5.608
    8   44   30    9 2019  5.600
    8   59   30    9 2019  5.592
    9   14   30    9 2019  5.585
    9   29   30    9 2019  5.577
    9   44   30    9 2019  5.569
    9   59   30    9 2019  5.561
   10   14   30    9 2019  5.553
   10   29   30    9 2019  5.545
   10   44   30    9 2019  5.536
   10   59   30    9 2019  5.528
   11   14   30    9 2019  5.520
   11   29   30    9 2019  5.511
   11   44   30    9 2019  5.503
   11   59   30    9 2019  5.494
   12   14   30    9 2019  5.485
   12   29   30    9 2019  5.477
   12   44   30    9 2019  5.468
   12   59   30    9 2019  5.459
   13   14   30    9 2019  5.450
   13   29   30    9 2019  5.441
   13   44   30    9 2019  5.432
   13   59   30    9 2019  5.423
   14   14   30    9 2019  5.414
   14   29   30    9 2019  5.405
   14   44   30    9 2019  5.395
   14   59   30    9 2019  5.386
   15   14   30    9 2019  5.376
   15   29   30    9 2019  5.367
   15   44   30    9 2019  5.357
   15   59   30    9 2019  5.348
   16   14   30    9 2019  5.338
   16   29   30    9 2019  5.328
   16   44   30    9 2019  5.318
   16   59   30    9 2019  5.308
   17   14   30    9 2019  5.298
   17   29   30    9 2019  5.288
   17   44   30    9 2019  5.278
   17   59   30    9 2019  5.268
   18   14   30    9 2019  5.258
   18   29   30    9 2019  5.248
   18   44   30    9 2019  5.237
   18   59   30    9 2019  5.227
   19   14   30    9 2019  5.216
   19   29   30    9 2019  5.206
   19   44   30    9 2019  5.195
   19   59   30    9 2019  5.184
   20   14   30    9 2019  5.174
   20   29   30    9 2019  5.163
   20   44   30    9 2019  5.152
   20   59   30    9 2019  5.141
   21   14   30    9 2019  5.130
   21   29   30    9 2019  5.119
   21   44   30    9 2019  5.108
   21   59   30    9 2019  5.097
   22   14   30    9 2019  5.085
   22   29   30    9 2019  5.074
   22   44   30    9 2019  5.063
   22   59   30    9 2019  5.051
   23   14   30    9 2019  5.040
   23   29   30    9 2019  5.028
   23   44   30    9 2019  5.017
   23   59   30    9 2019  5.005
    0   14    1   10 2019  4.993
    0   29    1   10 2019  4.982
    0   44    1   10 2019  4.970
    0   59    1   10 2019  4.958
    1   14    1   10 2019  4.946
    1   29    1   10 2019  4.934
    1   44    1   10 2019  4.922
    1   59    1   10 2019  4.910
    2   14    1   10 2019  4.898
    2   29    1   10 2019  4.885
    2   44    1   10 2019  4.873
    2   59    1   10 2019  4.861
    3   14    1   10 2019  4.848
    3   29    1   10 2019  4.836
    3   44    1   10 2019  4.823
    3   59    1   10 2019  4.811
    4   14    1   10 2019  4.798
    4   29    1   10 2019  4.785
    4   44    1   10 2019  4.773
    4   59    1   10 2019  4.760
    5   14    1   10 2019  4.747
    5   29    1   10 2019  4.734
    5   44    1   10 2019  4.721
    5   59    1   10 2019  4.708
    6   14    1   10 2019  4.695
    6   29    1   10 2019  4.682
    6   44    1   10 2019  4.669
    6   59    1   10 2019  4.656
    7   14    1   10 2019  4.642
    7   29    1   10 2019  4.629
    7   44    1   10 2019  4.616
    7   59    1   10 2019  4.602
    8   14    1   10 2019  4.589
    8   29    1   10 2019  4.575
    8   44    1   10 2019  4.562
    8   59    1   10 2019  4.548
    9   14    1   10 2019  4.534
    9   29    1   10 2019  4.520
    9   44    1   10 2019  4.507
    9   59    1   10 2019  4.493
   10   14    1   10 2019  4.479
   10   29    1   10 2019  4.465
   10   44    1   10 2019  4.451
   10   59    1   10 2019  4.437
   11   14    1   10 2019  4.423
   11   29    1   10 2019  4.409
   11   44    1   10 2019  4.395
   11   59    1   10 2019  4.380
   12   14    1   10 2019  4.366
   12   29    1   10 2019  4.352
   12   44    1   10 2019  4.338
   12   59    1   10 2019  4.323
   13   14    1   10 2019  4.309
   13   29    1   10 2019  4.294
   13   44    1   10 2019  4.280
   13   59    1   10 2019  4.265
   14   14    1   10 2019  4.250
   14   29    1   10 2019  4.236
   14   44    1   10 2019  4.221
   14   59    1   10 2019  4.206
   15   14    1   10 2019  4.191
   15   29    1   10 2019  4.177
   15   44    1   10 2019  4.162
   15   59    1   10 2019  4.147
   16   14    1   10 2019  4.132
   16   29    1   10 2019  4.117
   16   44    1   10 2019  4.102
   16   59    1   10 2019  4.087
   17   14    1   10 2019  4.072
   17   29    1   10 2019  4.056
   17   44    1   10 2019  4.041
   17   59    1   10 2019  4.026
   18   14    1   10 2019  4.011
   18   29    1   10 2019  3.995
   18   44    1   10 2019  3.980
   18   59    1   10 2019  3.964
   19   14    1   10 2019  3.949
   19   29    1   10 2019  3.933
   19   44    1   10 2019  3.918
   19   59    1   10 2019  3.902
   20   14    1   10 2019  3.887
   20   29    1   10 2019  3.871
   20   44    1   10 2019  3.855
   20   59    1   10 2019  3.840
   21   14    1   10 2019  3.824
   21   29    1   10 2019  3.808
   21   44    1   10 2019  3.792
   21   59    1   10 2019  3.776
   22   14    1   10 2019  3.761
   22   29    1   10 2019  3.745
   22   44    1   10 2019  3.729
   22   59    1   10 2019  3.713
   23   14    1   10 2019  3.697
   23   29    1   10 2019  3.681
   23   44    1   10 2019  3.664
   23   59    1   10 2019  3.648
    0   14    2   10 2019  3.632
    0   29    2   10 2019  3.616
    0   44    2   10 2019  3.600
    0   59    2   10 2019  3.583
    1   14    2   10 2019  3.567
    1   29    2   10 2019  3.551
    1   44    2   10 2019  3.535
    1   59    2   10 2019  3.518
    2   14    2   10 2019  3.502
    2   29    2   10 2019  3.485
    2   44    2   10 2019  3.469
    2   59    2   10 2019  3.452
    3   14    2   10 2019  3.436
    3   29    2   10 2019  3.419
    3   44    2   10 2019  3.403
    3   59    2   10 2019  3.386
    4   14    2   10 2019  3.369
    4   29    2   10 2019  3.353
    4   44    2   10 2019  3.336
    4   59    2   10 2019  3.319
    5   14    2   10 2019  3.303
    5   29    2   10 2019  3.286
    5   44    2   10 2019  3.269
    5   59    2   10 2019  3.252
    6   14    2   10 2019  3.235
    6   29    2   10 2019  3.218
    6   44    2   10 2019  3.202
    6   59    2   10 2019  3.185
    7   14    2   10 2019  3.168
    7   29    2   10 2019  3.151
    7   44    2   10 2019  3.134
    7   59    2   10 2019  3.117
    8   14    2   10 2019  3.100
    8   29    2   10 2019  3.083
    8   44    2   10 2019  3.066
    8   59    2   10 2019  3.048
    9   14    2   10 2019  3.031
    9   29    2   10 2019  3.014
    9   44    2   10 2019  2.997
    9   59    2   10 2019  2.980
   10   14    2   10 2019  2.963
   10   29    2   10 2019  2.945
   10   44    2   10 2019  2.928
   10   59    2   10 2019  2.911
   11   14    2   10 2019  2.894
   11   29    2   10 2019  2.876
   11   44    2   10 2019  2.859
   11   59    2   10 2019  2.842
   12   14    2   10 2019  2.824
   12   29    2   10 2019  2.807
   12   44    2   10 2019  2.790
   12   59    2   10 2019  2.772
   13   14    2   10 2019  2.755
   13   29    2   10 2019  2.737
   13   44    2   10 2019  2.720
   13   59    2   10 2019  2.703
   14   14    2   10 2019  2.685
   14   29    2   10 2019  2.668
   14   44    2   10 2019  2.650
   14   59    2   10 2019  2.633
   15   14    2   10 2019  2.615
   15   29    2   10 2019  2.598
   15   44    2   10 2019  2.580
   15   59    2   10 2019  2.563
   16   14    2   10 2019  2.545
   16   29    2   10 2019  2.527
   16   44    2   10 2019  2.510
   16   59    2   10 2019  2.492
   17   14    2   10 2019  2.475
   17   29    2   10 2019  2.457
   17   44    2   10 2019  2.439
   17   59    2   10 2019  2.422
   18   14    2   10 2019  2.404
   18   29    2   10 2019  2.387
